Porject: titan data: data1 Epoch: 10,Train acuracy (with NA),Train acuracy (without NA),Test acuracy (without NA),Train AUC,Test AUC
mem,0.8936248965848962,0.6673106399862971,0.23928285151389947,0.9028209956709954,0.607160251785252,0.2030151647862012
lstm,0.8839032780182778,0.6291828644477533,0.22726640854227434,0.8980838143338146,0.5714672558922558,0.19592102519394416
cnn3,0.7777690764790766,0.17130704054907847,0.09088697928302898,0.8164867724867726,0.09861623746623745,0.05964273757742253
cnn2,0.7776243819143815,0.16113540812003532,0.08497729483365032,0.8186805916305915,0.10845709198209193,0.06152032798114218
g,0.8862967123617111,0.6407697767614725,0.23417054731452433,0.896787518037518,0.5701702251452248,0.19563313183041262
lstm300,0.8892597498797498,0.6495973055908814,0.2285442459054757,0.9016270803270804,0.5913026704776705,0.19913845858574947
mem_g_gcn,0.8951553896103897,0.6728582786926952,0.24197693499884707,0.9040631794131793,0.6095240093240093,0.21098308127290036
lstm100,0.8116146729196724,0.3283875687775032,0.12855058153505725,0.8313227994227993,0.21020699485699484,0.08301209205036549
g_gcn,0.892624456469456,0.6637319204918213,0.24429786596338485,0.899773593073593,0.5857761997262001,0.204561172889351
mem_g,0.8904560317460317,0.6562702606557054,0.23969969340257571,0.9004206589706588,0.5908631553631551,0.20852445817058599
cnn1,0.7703175685425687,0.09568918592629906,0.06385355851873958,0.8173505772005772,0.06996102601102601,0.04698792245759206
